32.170872
2.034574
2.275429
2.110800
2.462759
2.091014
1.941278
1.556852
2.200971
2.947812
2.094527
2.441024
2.412595
1.781541
2.168127
1.761076
2.866967
2.512154
1.641733
2.396389
2.965074
1.809199
3.138507
1.330077
2.449205
2.141584
1.878305
2.536785
2.979033
2.569032
1.569980
2.066787
2.087949
2.113282
1.751176
1.955810
1.414677
2.432136
1.972345
2.204984
1.776747
2.246460
2.229837
1.931563
1.903616
2.469313
2.578285
2.149256
2.524324
2.381989
2.097174
2.265325
2.830401
2.363089
2.624224
2.889728
1.869936
2.312079
2.446043
2.499786
1.788988
1.760582
2.346184
2.363918
1.860618
2.773529
2.404437
1.739746
1.992722
1.964706
2.187486
2.564024
2.087021
1.844248
1.826186
2.658733
2.404419
2.270537
2.158382
2.003604
2.111871
1.730336
2.153988
1.922560
2.194702
2.621419
2.103124
2.054350
1.902670
1.701627
1.874307
2.249211
2.848571
2.024780
1.721136
2.974120
2.444799
2.409877
2.189476
2.088061
2.090454
2.408654
2.415275
2.260949
2.020482
2.515079
2.359211
2.202460
2.508815
2.116678
2.208976
2.271253
2.059570
2.214027
1.901083
1.809585
2.175671
2.699745
1.892130
2.045860
2.730507
2.292702
2.784345
2.816426
3.238985
2.144615
1.912479
2.144445
2.356840
1.646937
2.356804
2.162951
2.515220
1.786404
2.075195
2.498907
2.691242
2.253771
2.723800
1.864886
2.209688
2.065777
2.991634
2.553520
2.515197
1.902139
1.670546
2.248495
2.543436
2.509208
2.042514
2.413881
2.334902
1.984733
2.055494
1.624159
2.268757
1.894164
1.948738
2.081603
1.533787
1.741004
1.849384
1.872820
2.106218
2.591030
1.883535
1.589238
1.493534
2.505282
2.458845
1.789661
1.913931
2.294147
2.862955
2.658673
1.774840
2.517043
1.423389
2.597228
1.931356
2.225700
2.224883
1.666758
2.549923
2.293737
1.326983
1.831883
2.433836
2.239578
2.999997
2.470417
2.389983
2.146516
2.468917
2.041141
2.466957
2.300893
2.509058
2.359025
