120.000000
116.758119
107.385907
92.904800
74.891949
55.306966
36.276880
19.863110
7.836196
1.483108
1.468305
7.763654
19.654686
35.822145
54.489487
73.619715
91.139569
105.166196
114.211312
117.340506
114.270510
105.394197
91.731206
74.810308
56.497131
38.786797
23.584679
12.499583
6.671995
6.655887
12.366442
23.098571
37.613206
54.280879
71.265903
86.730196
99.033951
106.911060
109.600348
106.918907
99.270510
87.589373
73.226773
57.794202
42.981309
30.369350
21.260873
16.544182
16.606770
21.306167
30.000000
41.630442
54.852210
68.188703
80.198108
89.630650
95.559710
97.472914
95.314246
89.474018
80.729490
70.144484
58.940672
48.356055
39.507069
33.269804
30.193077
30.452006
33.845775
39.838038
47.633558
56.280722
64.786985
72.233301
77.874302
81.213203
82.043889
80.456807
76.809813
71.669194
65.729490
59.722885
54.329708
50.100919
47.401451
46.380285
46.969493
48.910740
51.804294
55.172955
58.531695
61.453501
63.622785
64.869775
65.182100
64.693034
63.649070
62.362315
61.155113
60.305272
60.000000
60.305272
61.155113
62.362315
63.649070
64.693034
65.182100
64.869775
63.622785
61.453501
58.531695
55.172955
51.804294
48.910740
46.969493
46.380285
47.401451
50.100919
54.329708
59.722885
65.729490
71.669194
76.809813
80.456807
82.043889
81.213203
77.874302
72.233301
64.786985
56.280722
47.633558
39.838038
33.845775
30.452006
30.193077
33.269804
39.507069
48.356055
58.940672
70.144484
80.729490
89.474018
95.314246
97.472914
95.559710
89.630650
80.198108
68.188703
54.852210
41.630442
30.000000
21.306167
16.606770
16.544182
21.260873
30.369350
42.981309
57.794202
73.226773
87.589373
99.270510
106.918907
109.600348
106.911060
99.033951
86.730196
71.265903
54.280879
37.613206
23.098571
12.366442
6.655887
6.671995
12.499583
23.584679
38.786797
56.497131
74.810308
91.731206
105.394197
114.270510
117.340506
114.211312
105.166196
91.139569
73.619715
54.489487
35.822145
19.654686
7.763654
1.468305
1.483108
7.836196
19.863110
36.276880
55.306966
74.891949
92.904800
107.385907
116.758119
